[gd_scene load_steps=5 format=3 uid="uid://ihdvu8c7yrli"]

[ext_resource type="PackedScene" uid="uid://dmlwm1nkx1xuk" path="res://ik_samples/cases/[No Logic David] Banyan Dance - PartyWave (krump)-VNfYmEU4IvM - Copy.glb" id="1_kh3s8"]
[ext_resource type="PackedScene" uid="uid://cg1odeujo6dnk" path="res://ik_samples/cases/SKEL_latifa/Latifa V2_VRM.vrm" id="2_tiicj"]

[sub_resource type="SkeletonModification3DEWBIK" id="SkeletonModification3DEWBIK_l3qvu"]
max_ik_iterations = 10.0
budget_millisecond = 1.0
root_bone = "Hips"
pin_count = 8
pins/0/name = "Hips"
pins/0/target_node = NodePath("../../../../Adjust/Hips")
pins/0/use_node_rotation = true
pins/0/depth_falloff = 0.0
pins/0/priority = null
pins/0/weight_translation = null
pins/0/weight_x_direction = null
pins/0/weight_y_direction = null
pins/0/weight_z_direction = null
pins/1/name = "Chest"
pins/1/target_node = NodePath("../../../../Adjust/Chest")
pins/1/use_node_rotation = true
pins/1/depth_falloff = 1.0
pins/1/priority = null
pins/1/weight_translation = null
pins/1/weight_x_direction = null
pins/1/weight_y_direction = null
pins/1/weight_z_direction = null
pins/2/name = "Left wrist"
pins/2/target_node = NodePath("../../../../Adjust/Left wrist")
pins/2/use_node_rotation = true
pins/2/depth_falloff = 0.0
pins/2/priority = null
pins/2/weight_translation = null
pins/2/weight_x_direction = null
pins/2/weight_y_direction = null
pins/2/weight_z_direction = null
pins/3/name = "Right wrist"
pins/3/target_node = NodePath("../../../../Adjust/Right wrist")
pins/3/use_node_rotation = true
pins/3/depth_falloff = 0.0
pins/3/priority = null
pins/3/weight_translation = null
pins/3/weight_x_direction = null
pins/3/weight_y_direction = null
pins/3/weight_z_direction = null
pins/4/name = "Right ankle"
pins/4/target_node = NodePath("../../../../Adjust/Right ankle")
pins/4/use_node_rotation = true
pins/4/depth_falloff = 1.0
pins/4/priority = null
pins/4/weight_translation = null
pins/4/weight_x_direction = null
pins/4/weight_y_direction = null
pins/4/weight_z_direction = null
pins/5/name = "Left ankle"
pins/5/target_node = NodePath("../../../../Adjust/Left ankle")
pins/5/use_node_rotation = true
pins/5/depth_falloff = 1.0
pins/5/priority = null
pins/5/weight_translation = null
pins/5/weight_x_direction = null
pins/5/weight_y_direction = null
pins/5/weight_z_direction = null
pins/6/name = "Left elbow"
pins/6/target_node = NodePath("../../../../Adjust/Left elbow")
pins/6/use_node_rotation = true
pins/6/depth_falloff = 1.0
pins/6/priority = null
pins/6/weight_translation = null
pins/6/weight_x_direction = null
pins/6/weight_y_direction = null
pins/6/weight_z_direction = null
pins/7/name = "Right elbow"
pins/7/target_node = NodePath("../../../../Adjust/Right elbow")
pins/7/use_node_rotation = true
pins/7/depth_falloff = 1.0
pins/7/priority = null
pins/7/weight_translation = null
pins/7/weight_x_direction = null
pins/7/weight_y_direction = null
pins/7/weight_z_direction = null

[sub_resource type="SkeletonModificationStack3D" id="SkeletonModificationStack3D_0o7s3"]
enabled = true
modification_count = 1
modifications/0 = SubResource( "SkeletonModification3DEWBIK_l3qvu" )

[node name="Node3D" type="Node3D"]

[node name="[No Logic David] Banyan Dance - PartyWave (krump)-VNfYmEU4IvM - Copy" parent="." instance=ExtResource( "1_kh3s8" )]

[node name="Skeleton3D" parent="[No Logic David] Banyan Dance - PartyWave (krump)-VNfYmEU4IvM - Copy/Armature" index="0"]
transform = Transform3D(-0.926, 0, -8.74228e-08, 0, 0.917, 0, 8.09535e-08, 0, -1, 0, 0, 0)
top_level = true
bones/0/rest = Transform3D(-0.712136, -1.60613e-06, 7.15357e-07, 1.32754e-06, -0.654325, 0.610467, -4.55328e-07, 0.604272, 0.661033, 1.1102e-13, 1.04275, 0.015543)
bones/0/position = Vector3(-0.397453, 0.865803, -0.0710434)
bones/0/rotation = Quaternion(-0.878297, -0.162068, -0.311549, 0.324447)
bones/0/scale = Vector3(0.712136, 0.890666, 0.899797)
bones/1/position = Vector3(0.082078, 0.060454, -0.0340558)
bones/1/rotation = Quaternion(-0.613953, -0.160103, 0.0780378, 0.768986)
bones/2/position = Vector3(1.77907e-08, 0.443714, 2.54824e-08)
bones/2/rotation = Quaternion(0.223866, -0.00861851, -0.00308544, 0.974577)
bones/3/rest = Transform3D(1, -2.72293e-08, 6.92416e-08, -4.08214e-08, 0.577261, 0.81656, -6.22048e-08, -0.81656, 0.577261, 8.77227e-09, 0.445279, 3.4907e-09)
bones/3/position = Vector3(2.80044e-08, 0.445279, 1.77729e-08)
bones/3/rotation = Quaternion(-0.561367, 0.0143015, 0.11651, 0.8192)
bones/3/scale = Vector3(1, 1, 1)
bones/4/position = Vector3(-4.77394e-08, 0.138169, 1.34554e-08)
bones/4/rotation = Quaternion(0.155851, -3.63612e-08, -1.77351e-09, 0.987781)
bones/5/rest = Transform3D(1, -1.8765e-06, -7.65436e-07, 1.89228e-06, 0.729334, 0.684158, -7.25564e-07, -0.684158, 0.729334, -0.082078, 0.060454, -0.034056)
bones/5/position = Vector3(-0.082078, 0.0604531, -0.0340553)
bones/5/rotation = Quaternion(-0.313254, -0.162864, 0.0413848, 0.934684)
bones/5/scale = Vector3(1, 1, 1)
bones/6/rest = Transform3D(1, 1.77904e-08, 1.65406e-08, -1.64796e-08, 0.997098, -0.0761288, -1.7847e-08, 0.0761288, 0.997098, 1.49307e-08, 0.443714, -7.34397e-09)
bones/6/position = Vector3(-5.63378e-08, 0.443714, 1.75476e-08)
bones/6/rotation = Quaternion(0.151327, 0.0399149, 0.00804987, 0.987645)
bones/6/scale = Vector3(1, 1, 1)
bones/7/rest = Transform3D(1, -3.02757e-08, 1.93882e-07, -1.40836e-07, 0.577278, 0.816548, -1.36645e-07, -0.816548, 0.577278, 1.6343e-08, 0.445278, -3.42347e-09)
bones/7/position = Vector3(-1.34057e-08, 0.445278, 8.57384e-09)
bones/7/rotation = Quaternion(-0.43567, 0.00371262, -0.0112383, 0.900029)
bones/7/scale = Vector3(1, 1, 1)
bones/8/rest = Transform3D(1, 1.04377e-12, -2.21174e-08, -1.04245e-12, 1, 5.96046e-08, 2.21174e-08, -5.96046e-08, 1, 8.90488e-09, 0.138169, -1.40505e-08)
bones/8/position = Vector3(-7.40463e-09, 0.138169, -2.17056e-08)
bones/8/rotation = Quaternion(0.130713, -1.73548e-09, 6.79201e-09, 0.99142)
bones/8/scale = Vector3(1, 1, 1)
bones/9/rest = Transform3D(1, 1.82603e-06, 8.10952e-07, 1.81891e-06, -0.664048, -0.747691, -8.26792e-07, 0.747691, -0.664048, 1.56461e-10, -0.0756911, 0.0681111)
bones/9/position = Vector3(6.54832e-08, -0.0756911, 0.0681111)
bones/9/rotation = Quaternion(0.934722, 0.0685345, -0.0250259, 0.347809)
bones/9/scale = Vector3(1, 1, 1)
bones/10/rest = Transform3D(1, -3.66367e-10, 1.46381e-09, 2.91468e-10, 0.998707, 0.0508433, -1.48055e-09, -0.0508433, 0.998707, 1.12573e-13, 0.10133, -1.30013e-08)
bones/10/position = Vector3(-2.38166e-08, 0.10133, -1.06292e-08)
bones/10/rotation = Quaternion(-0.0126489, -0.0289893, 0.0126162, 0.99942)
bones/10/scale = Vector3(1, 1, 1)
bones/11/rest = Transform3D(1, 9.9967e-06, 2.51489e-07, -9.99699e-06, 0.998796, 0.0490654, 2.39305e-07, -0.0490654, 0.998796, 4.79573e-13, 0.0920312, -2.58271e-08)
bones/11/position = Vector3(-2.30604e-08, 0.0920311, -2.8082e-08)
bones/11/rotation = Quaternion(-0.0245401, 2.38373e-09, -5.00267e-06, 0.999699)
bones/11/scale = Vector3(1, 1, 1)
bones/12/rest = Transform3D(-0.00382066, 0.977364, 0.211532, -0.999891, -0.00675214, 0.0131375, 0.0142685, -0.211459, 0.977283, 0.045703, 0.112495, -0.00413601)
bones/12/position = Vector3(0.045703, 0.112495, -0.00413596)
bones/12/rotation = Quaternion(-0.114828, 0.0919236, -0.706535, 0.692223)
bones/12/scale = Vector3(1, 1, 1)
bones/13/rest = Transform3D(0.977363, -0.00382959, 0.211534, 0.0484057, 0.977363, -0.205957, -0.205957, 0.211534, 0.955424, -3.9882e-07, 0.108377, 2.2609e-08)
bones/13/position = Vector3(-2.90578e-07, 0.108377, -3.80794e-08)
bones/13/rotation = Quaternion(0.610996, -0.229795, -0.680345, 0.33318)
bones/13/scale = Vector3(1, 1, 1)
bones/14/rest = Transform3D(1, 1.66981e-07, -3.21671e-07, -1.66981e-07, 1, 3.32318e-08, 3.21671e-07, -3.32318e-08, 1, -2.32564e-07, 0.278415, -1.9498e-09)
bones/14/position = Vector3(-1.40236e-07, 0.278415, -3.14598e-08)
bones/14/rotation = Quaternion(0.962941, 0.0549273, 0.113384, 0.238477)
bones/15/rest = Transform3D(0.997488, 0.0683629, -0.01853, -0.0679847, 0.997479, 0.020324, 0.0198727, -0.0190132, 0.999622, -1.63635e-07, 0.283288, -3.62521e-11)
bones/15/position = Vector3(-1.31122e-07, 0.283288, -5.82635e-08)
bones/15/rotation = Quaternion(-0.591621, 0.152731, -0.0664834, 0.78882)
bones/15/scale = Vector3(1, 1, 1)
bones/16/rest = Transform3D(0.99748, -0.0679797, 0.0203211, 0.0683664, 0.99748, -0.0189819, -0.0189795, 0.0203234, 0.999613, -0.000575544, 0.0907879, 0.024346)
bones/16/position = Vector3(-0.000575742, 0.090788, 0.024346)
bones/16/rotation = Quaternion(0.0229447, 0.0216196, -0.144648, 0.988981)
bones/16/scale = Vector3(1, 1, 1)
bones/17/rest = Transform3D(1, 1.89841e-06, 6.07434e-08, -1.89841e-06, 1, -1.00007e-08, -6.07434e-08, 1.00006e-08, 1, -1.46137e-07, 0.0367641, -2.8675e-09)
bones/17/position = Vector3(-9.41701e-08, 0.0367642, 9.38135e-10)
bones/17/rotation = Quaternion(0.00010417, 1.29934e-06, -0.229787, 0.973241)
bones/17/scale = Vector3(1, 1, 1)
bones/18/rest = Transform3D(1, 2.29603e-12, -1.45993e-11, -2.29603e-12, 1, 8.64983e-14, 1.45993e-11, -8.64983e-14, 1, -1.84617e-07, 0.028831, -9.12957e-09)
bones/18/position = Vector3(-2.05832e-07, 0.0288311, -9.04923e-09)
bones/18/rotation = Quaternion(0.000110226, 1.28463e-06, -0.242966, 0.970035)
bones/18/scale = Vector3(1, 1, 1)
bones/19/rest = Transform3D(0.997479, -0.0679904, 0.0203236, 0.0683771, 0.997479, -0.0189838, -0.0189817, 0.0203256, 0.999613, -0.00648056, 0.0950941, 0.00193798)
bones/19/position = Vector3(-0.00648065, 0.0950942, 0.00193795)
bones/19/rotation = Quaternion(0.013457, 0.0197909, -0.206631, 0.978126)
bones/19/scale = Vector3(1, 1, 1)
bones/20/position = Vector3(-4.76734e-08, 0.0369819, 1.88542e-07)
bones/20/rotation = Quaternion(0.00013042, -1.51569e-06, -0.287555, 0.957764)
bones/21/rest = Transform3D(1, -8.61954e-13, 4.21907e-13, 8.61954e-13, 1, 3.50202e-14, -4.21907e-13, -3.50202e-14, 1, -2.57915e-08, 0.0295089, 2.40593e-09)
bones/21/position = Vector3(-1.80635e-07, 0.0295089, 2.59339e-09)
bones/21/rotation = Quaternion(0.000139231, -1.21968e-07, -0.309469, 0.950909)
bones/21/scale = Vector3(1, 1, 1)
bones/22/rest = Transform3D(0.997479, -0.0679862, 0.0203233, 0.068373, 0.997479, -0.0189833, -0.0189815, 0.020325, 0.999613, -0.00139038, 0.0816311, -0.0364971)
bones/22/position = Vector3(-0.0013905, 0.0816311, -0.036497)
bones/22/rotation = Quaternion(-0.0292945, -0.0012283, -0.256695, 0.966048)
bones/22/scale = Vector3(1, 1, 1)
bones/23/rest = Transform3D(1, 2.8087e-06, -2.83409e-06, -2.8087e-06, 1, -1.75451e-07, 2.83409e-06, 1.75459e-07, 1, 1.92452e-07, 0.0359999, 1.96484e-08)
bones/23/position = Vector3(1.70587e-07, 0.036, -8.29193e-08)
bones/23/rotation = Quaternion(0.000125539, -1.33526e-06, -0.276127, 0.961121)
bones/23/scale = Vector3(1, 1, 1)
bones/24/rest = Transform3D(1, -6.76515e-13, -1.43081e-11, 6.76515e-13, 1, 1.19012e-13, 1.43081e-11, -1.19012e-13, 1, 1.60988e-07, 0.0211419, 9.05209e-09)
bones/24/position = Vector3(2.02775e-07, 0.021142, 1.76219e-09)
bones/24/rotation = Quaternion(0.000138221, -1.11417e-08, -0.306123, 0.951992)
bones/24/scale = Vector3(1, 1, 1)
bones/25/rest = Transform3D(0.99748, -0.0679801, 0.0203216, 0.0683669, 0.997479, -0.0189839, -0.0189798, 0.0203254, 0.999613, -0.00613066, 0.0912, -0.0168021)
bones/25/position = Vector3(-0.00613076, 0.0911994, -0.0168022)
bones/25/rotation = Quaternion(-0.0153787, 0.00612459, -0.269824, 0.962767)
bones/25/scale = Vector3(1, 0.999999, 1)
bones/26/position = Vector3(5.58953e-08, 0.0315402, -3.4681e-08)
bones/26/rotation = Quaternion(0.000123998, -4.52482e-07, -0.274186, 0.961677)
bones/27/rest = Transform3D(1, -1.32591e-12, -5.81463e-11, 1.32591e-12, 1, 2.28991e-13, 5.81463e-11, -2.28991e-13, 1, 1.10335e-07, 0.0293772, -2.73425e-09)
bones/27/position = Vector3(-3.85744e-08, 0.0293771, -1.0236e-08)
bones/27/rotation = Quaternion(0.000139863, 3.82875e-08, -0.310728, 0.950499)
bones/27/scale = Vector3(1, 1, 1)
bones/28/rest = Transform3D(0.765832, 0.402322, 0.501636, -0.0201231, 0.794712, -0.606653, -0.642726, 0.4545, 0.616712, 0.014579, 0.0251671, 0.0270161)
bones/28/position = Vector3(0.0145791, 0.0251659, 0.027016)
bones/28/rotation = Quaternion(0.269391, 0.294213, -0.129773, 0.907759)
bones/28/scale = Vector3(1, 1, 1)
bones/29/rest = Transform3D(1, -6.50827e-06, 2.10292e-05, 6.50818e-06, 1, 4.51511e-06, -2.10292e-05, -4.51497e-06, 1, -1.31325e-07, 0.041696, -3.67873e-07)
bones/29/position = Vector3(-1.5497e-07, 0.041696, -1.77396e-07)
bones/29/rotation = Quaternion(-0.106491, -0.0255272, -0.0513812, 0.992657)
bones/29/scale = Vector3(1, 1, 1)
bones/30/rest = Transform3D(1, -3.35276e-08, -2.79396e-08, 3.35276e-08, 1, -2.18302e-06, 2.79397e-08, 2.18302e-06, 1, -5.6345e-08, 0.0342451, -1.79512e-07)
bones/30/position = Vector3(-1.03558e-07, 0.0342451, 5.87016e-08)
bones/30/rotation = Quaternion(-0.059987, -0.0253968, -0.0264701, 0.997525)
bones/30/scale = Vector3(1, 1, 1)
bones/31/rest = Transform3D(1, -9.82735e-06, 1.84075e-06, 9.82368e-06, 0.931489, -0.363769, 1.86025e-06, 0.363769, 0.931489, -2.00001e-06, 0.168402, 0.00827209)
bones/31/position = Vector3(-1.97317e-06, 0.168402, 0.00827199)
bones/31/rotation = Quaternion(0.268007, 0.00434751, 0.0752085, 0.960467)
bones/31/scale = Vector3(1, 1, 1)
bones/32/position = Vector3(2.37152e-08, 0.097644, -2.6667e-08)
bones/32/rotation = Quaternion(-0.137366, 0.0361277, -0.0581526, 0.988152)
bones/33/rest = Transform3D(-0.00385952, -0.977364, -0.211528, 0.999891, -0.00678873, 0.0131234, -0.0142624, -0.211455, 0.977284, -0.045701, 0.112496, -0.004136)
bones/33/position = Vector3(-0.045701, 0.112496, -0.00413603)
bones/33/rotation = Quaternion(-0.112328, -0.0915447, 0.695259, 0.704001)
bones/33/scale = Vector3(1, 1, 1)
bones/34/rest = Transform3D(0.977364, 0.00384868, -0.211528, -0.0484212, 0.977364, -0.205947, 0.205947, 0.211528, 0.955427, -1.64512e-07, 0.108382, -5.87951e-08)
bones/34/position = Vector3(-2.83166e-07, 0.108382, -5.32355e-08)
bones/34/rotation = Quaternion(0.571872, 0.484171, 0.360688, 0.555378)
bones/34/scale = Vector3(1, 1, 0.999999)
bones/35/rest = Transform3D(1, 4.57658e-08, -4.08007e-06, -4.57657e-08, 1, 1.96836e-08, 4.08007e-06, -1.96834e-08, 1, -2.34341e-07, 0.278415, 7.79993e-09)
bones/35/position = Vector3(2.18537e-07, 0.278415, -7.75683e-09)
bones/35/rotation = Quaternion(0.90257, 0.0668903, 0.369271, 0.211026)
bones/36/rest = Transform3D(0.997493, -0.0683003, 0.0185161, 0.0679225, 0.997484, 0.020317, -0.0198572, -0.0190084, 0.999622, -1.39021e-07, 0.283288, 1.01172e-09)
bones/36/position = Vector3(1.23367e-07, 0.283288, -9.25689e-08)
bones/36/rotation = Quaternion(-0.654819, -0.0717378, -0.53953, 0.524379)
bones/36/scale = Vector3(1, 1, 1)
bones/37/rest = Transform3D(0.997483, 0.0679259, -0.0203158, -0.0683124, 0.997483, -0.0189767, 0.0189757, 0.0203168, 0.999614, 0.000572661, 0.0907782, 0.0243451)
bones/37/position = Vector3(0.000571679, 0.0907781, 0.0243451)
bones/37/rotation = Quaternion(0.0168525, -0.0151816, 0.0496857, 0.998507)
bones/37/scale = Vector3(0.999999, 1, 1)
bones/38/position = Vector3(3.52288e-08, 0.0367641, 9.54989e-08)
bones/38/rotation = Quaternion(7.56588e-05, 2.93067e-06, 0.163867, 0.986483)
bones/39/position = Vector3(-6.1969e-08, 0.028831, 2.54802e-08)
bones/39/rotation = Quaternion(8.22831e-05, 2.00911e-06, 0.178987, 0.983851)
bones/40/rest = Transform3D(0.997484, 0.0679249, -0.0203147, -0.0683114, 0.997484, -0.0189767, 0.0189746, 0.0203167, 0.999614, 0.00647459, 0.0950852, 0.001937)
bones/40/position = Vector3(0.00647463, 0.0950851, 0.00193692)
bones/40/rotation = Quaternion(0.00687438, -0.01592, 0.0807789, 0.996581)
bones/40/scale = Vector3(1, 1, 1)
bones/41/position = Vector3(1.99953e-07, 0.0369819, -2.60484e-08)
bones/41/rotation = Quaternion(7.70116e-05, -1.71073e-06, 0.166928, 0.985969)
bones/42/rest = Transform3D(1, -3.23855e-13, -1.43391e-11, 3.24371e-13, 1, 3.60012e-05, 1.43391e-11, -3.60012e-05, 1, -3.13601e-07, 0.0295087, 4.94924e-09)
bones/42/position = Vector3(1.3948e-07, 0.0295088, -5.01208e-08)
bones/42/rotation = Quaternion(7.23024e-05, -3.5563e-06, 0.192898, 0.981219)
bones/43/rest = Transform3D(0.997483, 0.0679214, -0.0203438, -0.0683084, 0.997484, -0.0189757, 0.0190037, 0.0203176, 0.999613, 0.00138647, 0.0816201, -0.0364971)
bones/43/position = Vector3(0.00138597, 0.0816202, -0.036497)
bones/43/rotation = Quaternion(-0.0254231, -0.00721234, 0.129387, 0.991242)
bones/43/scale = Vector3(1, 1, 1)
bones/44/rest = Transform3D(1, 2.30471e-06, 2.56645e-05, -2.30471e-06, 1, 1.49233e-08, -2.56645e-05, -1.49825e-08, 1, -2.61366e-07, 0.036, 2.28502e-08)
bones/44/position = Vector3(-3.50384e-08, 0.036, 6.42027e-08)
bones/44/rotation = Quaternion(7.27705e-05, 1.34045e-05, 0.152179, 0.988353)
bones/45/position = Vector3(4.12159e-09, 0.021142, 2.67693e-08)
bones/45/rotation = Quaternion(9.61062e-05, 9.9237e-07, 0.207213, 0.978296)
bones/46/position = Vector3(0.00612443, 0.0911912, -0.0168022)
bones/46/rotation = Quaternion(-0.0130574, -0.0102233, 0.135102, 0.990693)
bones/47/rest = Transform3D(1, -4.05127e-06, -2.27081e-07, 4.05127e-06, 1, 7.35492e-08, 2.2708e-07, -7.35501e-08, 1, 5.18521e-07, 0.0315401, 7.76069e-09)
bones/47/position = Vector3(1.61215e-07, 0.0315399, 7.54638e-09)
bones/47/rotation = Quaternion(7.93418e-05, -1.76605e-06, 0.168643, 0.985677)
bones/47/scale = Vector3(1, 1, 1)
bones/48/rest = Transform3D(1, 3.389e-13, 2.89649e-11, -3.389e-13, 1, -8.83213e-14, -2.89649e-11, 8.83213e-14, 1, 3.11908e-07, 0.029377, 2.53698e-08)
bones/48/position = Vector3(4.66751e-07, 0.0293771, -5.33493e-08)
bones/48/rotation = Quaternion(9.71156e-05, -1.32892e-06, 0.207811, 0.978169)
bones/48/scale = Vector3(1, 1, 1)
bones/49/rest = Transform3D(0.765836, -0.402363, -0.501597, 0.0201656, 0.794689, -0.606682, 0.64272, 0.454503, 0.616715, -0.0145585, 0.0251512, 0.0270179)
bones/49/position = Vector3(-0.0145583, 0.025151, 0.027018)
bones/49/rotation = Quaternion(0.316289, -0.281545, 0.115381, 0.898544)
bones/49/scale = Vector3(1, 1, 1)
bones/50/rest = Transform3D(1, -2.99114e-06, 2.81558e-05, 2.99114e-06, 1, -2.23407e-08, -2.81558e-05, 2.24249e-08, 1, -1.10355e-07, 0.0416961, 1.3512e-08)
bones/50/position = Vector3(-1.26722e-07, 0.0416961, 1.79164e-07)
bones/50/rotation = Quaternion(-0.125857, 0.0255894, 0.0617666, 0.989793)
bones/50/scale = Vector3(1, 1, 1)
bones/51/rest = Transform3D(1, 6.67199e-06, 5.41591e-08, -6.67199e-06, 1, 3.15532e-05, -5.39486e-08, -3.15532e-05, 1, -1.36439e-07, 0.0342441, 8.61475e-09)
bones/51/position = Vector3(-5.75321e-08, 0.0342441, -3.91119e-08)
bones/51/rotation = Quaternion(-0.0750144, 0.0254508, 0.0345055, 0.99626)
bones/51/scale = Vector3(1, 1, 1)

[node name="Latifa V2_VRM" parent="[No Logic David] Banyan Dance - PartyWave (krump)-VNfYmEU4IvM - Copy" instance=ExtResource( "2_tiicj" )]

[node name="Skeleton3D" parent="[No Logic David] Banyan Dance - PartyWave (krump)-VNfYmEU4IvM - Copy/Latifa V2_VRM/Armature" index="0"]
top_level = true
bones/0/rest = Transform3D(0.965926, 0, 0.258819, 0, 1, 0, -0.258819, 0, 0.965926, 0.000181817, 0.949734, 1.19209e-07)
bones/0/position = Vector3(0.368042, 0.793941, 0.0710434)
bones/0/rotation = Quaternion(-0.309593, 0.324498, 0.879074, 0.1615)
bones/0/scale = Vector3(1, 1, 1)
bones/1/position = Vector3(-0.0658203, -0.0301589, -0.000202507)
bones/1/rotation = Quaternion(0.717167, 0.360405, 0.361098, 0.47475)
bones/1/scale = Vector3(1, 1, 1)
bones/2/position = Vector3(0.0145251, -0.404278, 0.00819211)
bones/2/rotation = Quaternion(-0.341762, 0.777455, -0.00200969, 0.527976)
bones/2/scale = Vector3(1, 1, 1)
bones/10/position = Vector3(0.00197004, -0.435753, 0.0250098)
bones/10/rotation = Quaternion(0.310477, -0.510605, 0.77637, -0.200339)
bones/10/scale = Vector3(1, 1, 1)
bones/13/position = Vector3(0.0658179, -0.03016, -0.000200301)
bones/13/rotation = Quaternion(-0.360902, 0.289114, 0.845649, -0.266535)
bones/13/scale = Vector3(1, 1, 1)
bones/14/position = Vector3(-0.0160594, -0.404221, 0.00812432)
bones/14/rotation = Quaternion(0.261498, 0.837887, -0.0141865, -0.478918)
bones/14/scale = Vector3(1, 1, 1)
bones/22/position = Vector3(-0.00362493, -0.435748, 0.0249357)
bones/22/rotation = Quaternion(0.594468, -0.32822, 0.633942, 0.37013)
bones/22/scale = Vector3(1, 1, 1)
bones/25/position = Vector3(-5.96046e-08, 0.0612505, -0.0192221)
bones/25/rotation = Quaternion(0.900077, -0.0357394, -0.110165, 0.420056)
bones/25/scale = Vector3(1, 1, 1)
bones/26/position = Vector3(2.83122e-07, 0.112716, -0.0103944)
bones/26/rotation = Quaternion(0.0541812, 0.0942321, -0.0601922, 0.992251)
bones/26/scale = Vector3(1, 1, 1)
bones/33/position = Vector3(-0.0191037, 0.184871, 0.0355572)
bones/33/rotation = Quaternion(-0.177725, -0.465565, 0.108163, 0.860212)
bones/33/scale = Vector3(1, 1, 1)
bones/34/position = Vector3(-0.0680027, -0.0117178, -0.00422764)
bones/34/rotation = Quaternion(-0.402028, 0.794162, 0.43766, 0.127019)
bones/34/scale = Vector3(1, 1, 1)
bones/35/position = Vector3(-0.233727, -0.0108832, -0.00196001)
bones/35/rotation = Quaternion(0.435358, 0.566219, 0.490695, 0.499076)
bones/35/scale = Vector3(1, 1, 1)
bones/36/position = Vector3(-0.226732, -0.000493795, -0.0187176)
bones/36/rotation = Quaternion(-0.597488, 0.132661, -0.0452999, 0.78953)
bones/36/scale = Vector3(1, 1, 1)
bones/98/position = Vector3(0.0191045, 0.184877, 0.035557)
bones/98/rotation = Quaternion(-0.0306582, 0.136808, -0.365159, 0.920327)
bones/98/scale = Vector3(1, 1, 1)
bones/99/position = Vector3(0.0680003, -0.01172, -0.0042274)
bones/99/rotation = Quaternion(0.347167, 0.011018, 0.912411, 0.21647)
bones/99/scale = Vector3(1, 1, 1)
bones/100/position = Vector3(0.233731, -0.0108766, -0.00182295)
bones/100/rotation = Quaternion(-0.641994, -0.167395, 0.705496, 0.249197)
bones/100/scale = Vector3(1, 1, 1)
bones/101/position = Vector3(0.226725, -0.000467509, -0.0187645)
bones/101/rotation = Quaternion(-0.71609, 0.104932, -0.186426, 0.664417)
bones/101/scale = Vector3(1, 1, 1)
modification_stack = SubResource( "SkeletonModificationStack3D_0o7s3" )

[node name="Adjust" type="Node3D" parent="."]
transform = Transform3D(-1, 0, -8.74228e-08, 0, 1, 0, 8.74228e-08, 0, -1, 0, 0, 0)

[node name="Hips" type="BoneAttachment3D" parent="Adjust"]
transform = Transform3D(0.496782, 0.401533, 0.368364, 0.0538911, -0.601886, 0.553573, 0.464619, -0.417666, -0.535687, -0.368042, 0.793941, -0.0710434)
bone_name = "Hips"
bone_idx = 0
use_external_skeleton = true
external_skeleton = NodePath("../../[No Logic David] Banyan Dance - PartyWave (krump)-VNfYmEU4IvM - Copy/Armature/Skeleton3D")

[node name="Chest" type="BoneAttachment3D" parent="Adjust"]
transform = Transform3D(0.469245, 0.0117254, -0.56867, -0.0457573, 0.818242, -0.00156294, 0.5031, 0.00479378, 0.651264, -0.372338, 0.959938, -0.0724874)
bone_name = "Chest"
bone_idx = 10
use_external_skeleton = true
external_skeleton = NodePath("../../[No Logic David] Banyan Dance - PartyWave (krump)-VNfYmEU4IvM - Copy/Armature/Skeleton3D")

[node name="Left wrist" type="BoneAttachment3D" parent="Adjust"]
transform = Transform3D(-0.497249, -0.111903, 0.532856, 0.167389, 0.747036, 0.292465, -0.454501, 0.313776, -0.610125, -0.306955, 1.22495, -0.0173229)
bone_name = "LeftHand"
bone_idx = 15
use_external_skeleton = true
external_skeleton = NodePath("../../[No Logic David] Banyan Dance - PartyWave (krump)-VNfYmEU4IvM - Copy/Armature/Skeleton3D")

[node name="Right wrist" type="BoneAttachment3D" parent="Adjust"]
transform = Transform3D(-0.436581, -0.403426, 0.436301, -0.0644756, 0.642612, 0.504489, -0.532137, 0.333068, -0.53214, -0.403489, 1.22748, -0.144935)
bone_name = "RightHand"
bone_idx = 36
use_external_skeleton = true
external_skeleton = NodePath("../../[No Logic David] Banyan Dance - PartyWave (krump)-VNfYmEU4IvM - Copy/Armature/Skeleton3D")

[node name="Right ankle" type="BoneAttachment3D" parent="Adjust"]
transform = Transform3D(0.614266, -0.130425, 0.386496, 0.0886568, -0.705525, -0.407418, 0.277475, 0.434006, -0.641813, -0.254458, 0.035985, -0.224178)
bone_name = "RightFoot"
bone_idx = 7
use_external_skeleton = true
external_skeleton = NodePath("../../[No Logic David] Banyan Dance - PartyWave (krump)-VNfYmEU4IvM - Copy/Armature/Skeleton3D")

[node name="Left ankle" type="BoneAttachment3D" parent="Adjust"]
transform = Transform3D(0.570653, -0.46632, -0.0247677, -0.178159, -0.152751, -0.785201, 0.345869, 0.72134, -0.193185, -0.452287, 0.0844978, 0.220453)
bone_name = "LeftFoot"
bone_idx = 3
use_external_skeleton = true
external_skeleton = NodePath("../../[No Logic David] Banyan Dance - PartyWave (krump)-VNfYmEU4IvM - Copy/Armature/Skeleton3D")

[node name="Left elbow" type="BoneAttachment3D" parent="Adjust"]
transform = Transform3D(-0.290858, 0.595966, 0.322397, 0.194929, 0.436713, -0.665508, -0.648081, -0.335922, -0.380034, -0.475785, 1.10123, 0.0778399)
bone_name = "LeftLowerArm"
bone_idx = 14
use_external_skeleton = true
external_skeleton = NodePath("../../[No Logic David] Banyan Dance - PartyWave (krump)-VNfYmEU4IvM - Copy/Armature/Skeleton3D")

[node name="Right elbow" type="BoneAttachment3D" parent="Adjust"]
transform = Transform3D(-0.290858, 0.595966, 0.322397, 0.194929, 0.436713, -0.665508, -0.648081, -0.335922, -0.380034, -0.475785, 1.10123, 0.0778399)
bone_name = "LeftLowerArm"
bone_idx = 14
use_external_skeleton = true
external_skeleton = NodePath("../../[No Logic David] Banyan Dance - PartyWave (krump)-VNfYmEU4IvM - Copy/Armature/Skeleton3D")

[editable path="[No Logic David] Banyan Dance - PartyWave (krump)-VNfYmEU4IvM - Copy"]
[editable path="[No Logic David] Banyan Dance - PartyWave (krump)-VNfYmEU4IvM - Copy/Latifa V2_VRM"]
